     0/299        0G      1.67      2.29      10.5      14.5         8       416         0         0         0         0      1.66       3.3      11.1
     1/299        0G       1.4       1.7       9.7      12.8         7       416   0.00418    0.0238   0.00721   0.00692      1.48      1.93      9.95
     2/299        0G       1.3      1.47      9.41      12.2        10       416   0.00466    0.0413    0.0164   0.00786      1.32      2.07      9.79
     3/299        0G      1.22       1.3      9.23      11.7        11       416    0.0832    0.0524    0.0345    0.0462      1.19      1.68      9.38
     4/299        0G      1.18      1.14      9.02      11.3         9       416    0.0287    0.0337   0.00911    0.0272      1.42       1.5       9.2
     5/299        0G      1.15      1.07      8.74        11        11       416    0.0591     0.115    0.0544     0.067      1.07      1.33      9.25
     6/299        0G       1.1     0.989      8.52      10.6         5       416    0.0573    0.0842    0.0491    0.0643      1.24      1.36      9.06
     7/299        0G      1.08     0.887      8.19      10.2         3       416    0.0559     0.139    0.0693    0.0771      1.02       1.2      9.04
     8/299        0G      1.09     0.888      8.15      10.1        15       416    0.0387     0.168    0.0798    0.0607      1.12      1.16      9.07
     9/299        0G      1.03      0.85      7.83      9.71         7       416    0.0545     0.152    0.0992    0.0769      1.01      1.08      9.05
    10/299        0G      1.05      0.82      7.46      9.33         6       416    0.0539    0.0882    0.0525    0.0604      1.25      1.15      9.15
    11/299        0G      1.09     0.774       7.1      8.96         9       416    0.0629     0.157    0.0811    0.0806      1.03      1.07       9.1
    12/299        0G      1.04     0.765       6.8      8.61         8       416    0.0425     0.151    0.0921    0.0597      1.03      1.13      9.33
    13/299        0G      1.06     0.735      6.53      8.32         5       416    0.0905     0.193     0.112     0.108      0.97      1.01      8.68
